# Task 1 

# 1: Results of "wc vendor2.csv"

 3650999  3650999 14603996 vendor2.csv


# 2: Results of "head -10 no-separators.csv"

vendorid,tpep_pickup_datetime,tpep_dropoff_datetime,passenger_count,trip_distance,ratecodeid,store_and_fwd_flag,pulocationid,dolocationid,payment_type,fare_amount,extra,mta_tax,tip_amount,tolls_amount,improvement_surcharge,total_amount,congestion_surcharge
1.0,20190101 004640.000000,20190101 005320.000000,1.0,1.5,1.0,N,151.0,239.0,1.0,7.0,0.5,0.5,1.65,0.0,0.3,9.95,
1.0,20190101 005947.000000,20190101 011859.000000,1.0,2.6,1.0,N,239.0,246.0,1.0,14.0,0.5,0.5,1.0,0.0,0.3,16.3,
2.0,20181221 134830.000000,20181221 135240.000000,3.0,0.0,1.0,N,236.0,236.0,1.0,4.5,0.5,0.5,0.0,0.0,0.3,5.8,
2.0,20181128 155225.000000,20181128 155545.000000,5.0,0.0,1.0,N,193.0,193.0,2.0,3.5,0.5,0.5,0.0,0.0,0.3,7.55,
2.0,20181128 155657.000000,20181128 155833.000000,5.0,0.0,2.0,N,193.0,193.0,2.0,52.0,0.0,0.5,0.0,0.0,0.3,55.55,
2.0,20181128 162549.000000,20181128 162826.000000,5.0,0.0,1.0,N,193.0,193.0,2.0,3.5,0.5,0.5,0.0,5.76,0.3,13.31,
2.0,20181128 162937.000000,20181128 163343.000000,5.0,0.0,2.0,N,193.0,193.0,2.0,52.0,0.0,0.5,0.0,0.0,0.3,55.55,
1.0,20190101 002128.000000,20190101 002837.000000,1.0,1.3,1.0,N,163.0,229.0,1.0,6.5,0.5,0.5,1.25,0.0,0.3,9.05,
1.0,20190101 003201.000000,20190101 004539.000000,1.0,3.7,1.0,N,229.0,7.0,1.0,13.5,0.5,0.5,3.7,0.0,0.3,18.5,


# 3: Results of "head -10 no-fractions.csv"

vendorid,tpep_pickup_datetime,tpep_dropoff_datetime,passenger_count,trip_distance,ratecodeid,store_and_fwd_flag,pulocationid,dolocationid,payment_type,fare_amount,extra,mta_tax,tip_amount,tolls_amount,improvement_surcharge,total_amount,congestion_surcharge
1,20190101 004640,20190101 005320,1,1,1,N,151,239,1,7,0,0,1,0,0,9,
1,20190101 005947,20190101 011859,1,2,1,N,239,246,1,14,0,0,1,0,0,16,
2,20181221 134830,20181221 135240,3,0,1,N,236,236,1,4,0,0,0,0,0,5,
2,20181128 155225,20181128 155545,5,0,1,N,193,193,2,3,0,0,0,0,0,7,
2,20181128 155657,20181128 155833,5,0,2,N,193,193,2,52,0,0,0,0,0,55,
2,20181128 162549,20181128 162826,5,0,1,N,193,193,2,3,0,0,0,5,0,13,
2,20181128 162937,20181128 163343,5,0,2,N,193,193,2,52,0,0,0,0,0,55,
1,20190101 002128,20190101 002837,1,1,1,N,163,229,1,6,0,0,1,0,0,9,
1,20190101 003201,20190101 004539,1,3,1,N,229,7,1,13,0,0,3,0,0,18,


# Task 2

##### I put the outputs of part 2 before part 1 because part 1 has a lot of outputs. 

# 2: Top 20 Most Common Tips 

0.0 1197606
1.0 206290
2.0 98155
1.46 47962
1.56 47482
1.36 46758
1.66 45504
1.26 43497
1.76 43174
1.86 41210
1.5 39130
1.96 38381
1.16 37188
2.06 35855
1.95 33751
2.16 32716
1.55 32125
1.7 31874
1.45 31467
1.25 30079


# Frequency of Tip Amounts From Customer Who Paid Over $10 Total

0.0 545178
0.01 881
0.02 333
0.03 156
0.04 69
0.05 196
0.06 33
0.07 29
0.08 261
0.09 35
0.1 324
0.11 83
0.12 25
0.13 6
0.14 9
0.15 68
0.16 5
0.17 5
0.18 16
0.19 7
0.2 437
0.21 9
0.22 37
0.23 6
0.24 4
0.25 46
0.26 6
0.27 2
0.28 19
0.29 3
0.3 42
0.31 4
0.32 2
0.33 13
0.34 6
0.35 2
0.36 3
0.37 2
0.38 9
0.39 5
0.4 31
0.41 4
0.42 2
0.43 2
0.44 8
0.45 11
0.46 5
0.47 2
0.48 2
0.49 224
0.5 1175
0.51 16
0.52 180
0.53 3
0.54 181
0.55 46
0.56 101
0.57 65
0.58 28
0.59 164
0.6 35
0.61 9
0.62 138
0.63 3
0.64 112
0.65 9
0.66 59
0.67 35
0.68 2
0.69 110
0.7 1685
0.71 9
0.72 93
0.73 2
0.74 85
0.75 329
0.76 46
0.77 41
0.78 53
0.79 58
0.8 316
0.81 12
0.82 90
0.83 33
0.84 47
0.85 40
0.86 59
0.87 18
0.88 105
0.89 44
0.9 167
0.91 3
0.92 35
0.93 2425
0.94 62
0.95 37
0.96 32
0.97 32
0.98 2196
0.99 84
1.0 85412
1.01 43
1.02 78
1.03 2062
1.04 24
1.05 36
1.06 42
1.07 23
1.08 2459
1.09 37
1.1 704
1.11 664
1.12 262
1.13 1796
1.14 41
1.15 69
1.16 15
1.17 57
1.18 1769
1.19 50
1.2 11643
1.21 95
1.22 81
1.23 1449
1.24 268
1.25 2632
1.26 21
1.27 83
1.28 1273
1.29 30
1.3 812
1.31 6
1.32 5599
1.33 1116
1.34 57
1.35 101
1.36 292
1.37 28
1.38 960
1.39 31
1.4 5884
1.41 73
1.42 136
1.43 873
1.44 75
1.45 88
1.46 133
1.47 4969
1.48 926
1.49 54
1.5 30581
1.51 69
1.52 27
1.53 667
1.54 2776
1.55 1979
1.56 140
1.57 54
1.58 1575
1.59 24
1.6 701
1.61 2
1.62 4159
1.63 540
1.64 10
1.65 146
1.66 232
1.67 528
1.68 491
1.69 37
1.7 12776
1.71 6
1.72 89
1.73 536
1.74 16
1.75 23767
1.76 43173
1.77 3399
1.78 512
1.79 34
1.8 1858
1.81 34
1.82 26
1.83 404
1.84 1905
1.85 22230
1.86 41198
1.87 2
1.88 568
1.89 31
1.9 309
1.91 8
1.92 2681
1.93 274
1.94 372
1.95 19329
1.96 38381
1.97 34
1.98 270
1.99 55
10.0 7543
10.01 185
10.02 238
10.03 3
10.04 3
10.05 182
10.06 134
10.07 78
10.08 139
10.09 5
10.1 184
10.11 174
10.13 1
10.14 287
10.15 110
10.16 169
10.17 4
10.2 188
10.21 148
10.22 77
10.24 3
10.25 180
10.26 311
10.27 5
10.28 1
10.29 59
10.3 94
10.31 143
10.32 73
10.33 3
10.35 144
10.36 143
10.37 69
10.39 195
10.4 137
10.41 112
10.44 76
10.45 121
10.46 128
10.47 4
10.48 3
10.49 4
10.5 173
10.51 124
10.52 257
10.53 1
10.54 107
10.55 1803
10.56 4133
10.57 2
10.58 71
10.59 50
10.6 121
10.61 85
10.62 10
10.64 161
10.65 123
10.66 118
10.67 98
10.69 2
10.7 145
10.71 76
10.72 5
10.74 41
10.75 102
10.76 252
10.77 3
10.78 1
10.8 161
10.81 82
10.82 133
10.83 1
10.84 2
10.85 119
10.86 130
10.87 3
10.88 13
10.89 204
10.9 61
10.91 72
10.92 4
10.93 2
10.94 3
10.95 136
10.96 90
10.97 84
10.98 1
10.99 1
100.0 10
100.46 1
101.0 1
105.0 1
11.0 538
11.01 79
11.02 112
11.04 33
11.05 56
11.06 95
11.07 6
11.08 55
11.09 1
11.1 116
11.11 95
11.12 85
11.13 1
11.14 103
11.15 109
11.16 89
11.17 1
11.18 3
11.19 31
11.2 93
11.21 44
11.22 4
11.23 3
11.25 116
11.26 182
11.27 82
11.3 65
11.31 47
11.32 73
11.33 4
11.34 30
11.35 71
11.36 82
11.37 2
11.38 1
11.39 99
11.4 62
11.41 37
11.42 75
11.44 61
11.45 469
11.46 754
11.48 1
11.49 33
11.5 70
11.51 36
11.52 78
11.53 1
11.55 79
11.56 61
11.57 81
11.58 47
11.6 62
11.61 38
11.62 2
11.64 111
11.65 58
11.66 94
11.67 75
11.68 1
11.69 3
11.7 6495
11.71 15657
11.72 74
11.73 2
11.74 2
11.75 90
11.76 178
11.77 11
11.78 1
11.79 31
11.8 49
11.81 35
11.82 44
11.83 1
11.84 1
11.85 105
11.86 119
11.87 65
11.88 4
11.89 58
11.9 58
11.91 24
11.92 1
11.93 2
11.94 40
11.95 61
11.96 124
11.97 4
11.98 1
11.99 1
110.0 3
111.1 1
112.0 2
115.0 1
115.7 1
116.0 1
12.0 890
12.01 30
12.02 122
12.04 1
12.05 86
12.06 86
12.07 2
12.08 43
12.09 32
12.1 40
12.11 30
12.12 4
12.13 2
12.14 57
12.15 78
12.16 155
12.17 61
12.18 3
12.2 65
12.21 27
12.22 6
12.24 27
12.25 49
12.26 132
12.27 3
12.29 1
12.3 45
12.31 18
12.32 79
12.33 1
12.34 3
12.35 38
12.36 37
12.37 2
12.39 68
12.4 23
12.41 18
12.42 1
12.43 2
12.44 11
12.45 65
12.46 41
12.47 57
12.48 2
12.49 2
12.5 64
12.51 16
12.52 39
12.54 25
12.55 33
12.56 57
12.57 12
12.58 27
12.59 2
12.6 1640
12.61 3380
12.62 50
12.64 49
12.65 71
12.66 86
12.67 4
12.69 18
12.7 44
12.71 22
12.73 4
12.74 1
12.75 49
12.76 147
12.77 49
12.79 1
12.8 37
12.81 13
12.82 31
12.84 28
12.85 53
12.86 57
12.87 2
12.88 12
12.89 34
12.9 34
12.91 6
12.92 50
12.94 4
12.95 56
12.96 44
12.97 2
12.99 18
120.0 3
123.0 1
13.0 199
13.01 22
13.02 22
13.04 1
13.05 70
13.06 84
13.07 48
13.08 22
13.1 32
13.11 23
13.12 1
13.13 1
13.14 40
13.15 372
13.16 121
13.17 1
13.18 1
13.2 948
13.21 12
13.22 28
13.23 1
13.24 2
13.25 33
13.26 54
13.28 1
13.29 21
13.3 15
13.31 18
13.32 38
13.33 3
13.35 27
13.36 13
13.37 26
13.39 16
13.4 24
13.41 8
13.44 26
13.45 40
13.46 31
13.47 1
13.48 1
13.49 1
13.5 32
13.51 9
13.52 44
13.54 2
13.55 27
13.56 33
13.57 6
13.58 28
13.59 25
13.6 21
13.61 14
13.63 1
13.64 17
13.65 33
13.66 42
13.67 28
13.7 48
13.71 10
13.72 4
13.74 24
13.75 20
13.76 77
13.77 2
13.78 1
13.79 1
13.8 38
13.81 12
13.82 38
13.83 1
13.85 27
13.86 50
13.87 1
13.88 1
13.89 29
13.9 17
13.91 23
13.92 1
13.93 6
13.94 4
13.95 51
13.96 53
13.97 20
13.98 2
134.0 1
14.0 135
14.01 10
14.02 13
14.03 1
14.04 11
14.05 47
14.06 57
14.07 1
14.08 19
14.1 18
14.11 12
14.12 23
14.14 10
14.15 30
14.16 84
14.18 1
14.19 18
14.2 34
14.21 19
14.22 1
14.25 26
14.26 51
14.27 13
14.28 2
14.29 1
14.3 82
14.31 6
14.32 145
14.33 1
14.34 15
14.35 17
14.36 39
14.37 2
14.38 1
14.39 7
14.4 14
14.41 11
14.42 15
14.44 3
14.45 40
14.46 46
14.49 4
14.5 11
14.51 8
14.52 8
14.55 31
14.56 38
14.57 11
14.58 23
14.59 1
14.6 1311
14.61 6
14.62 1
14.63 1
14.64 3267
14.65 31
14.66 31
14.68 1
14.7 53
14.71 6
14.72 16
14.74 1
14.75 16
14.76 38
14.78 2
14.79 10
14.8 19
14.81 4
14.82 35
14.84 1
14.85 21
14.86 33
14.87 14
14.89 6
14.9 10
14.91 9
14.92 3
14.93 1
14.94 11
14.95 35
14.96 23
14.97 1
14.98 2
14.99 1
140.0 2
141.0 1
145.0 1
149.3 1
15.0 812
15.01 6
15.02 15
15.04 1
15.05 39
15.06 37
15.08 23
15.09 10
15.1 7
15.11 15
15.12 1
15.14 5
15.15 29
15.16 37
15.17 11
15.18 3
15.19 1
15.2 52
15.21 11
15.22 1
15.24 16
15.25 19
15.26 34
15.27 1
15.29 1
15.3 17
15.31 11
15.32 19
15.33 1
15.34 2
15.35 17
15.36 37
15.37 1
15.38 1
15.39 9
15.4 9
15.41 2
15.42 4
15.44 5
15.45 25
15.46 26
15.47 16
15.49 1
15.5 20
15.51 4
15.52 4
15.53 2
15.54 8
15.55 34
15.56 31
15.58 10
15.59 1
15.6 5
15.61 8
15.62 6
15.64 4
15.65 23
15.66 35
15.69 11
15.7 18
15.71 6
15.72 2
15.74 2
15.75 336
15.76 777
15.77 19
15.78 1
15.79 2
15.8 152
15.81 4
15.82 24
15.83 1
15.84 307
15.85 14
15.86 30
15.88 5
15.89 3
15.9 13
15.91 4
15.92 4
15.93 2
15.94 2
15.95 43
15.96 32
15.97 2
15.99 7
150.0 4
159.0 1
16.0 59
16.01 3
16.02 8
16.04 2
16.05 25
16.06 47
16.07 7
16.08 8
16.09 1
16.1 5
16.11 3
16.12 1
16.13 1
16.14 10
16.15 24
16.16 57
16.17 2
16.18 3
16.19 1
16.2 17
16.21 6
16.22 7
16.24 4
16.25 21
16.26 39
16.27 2
16.29 4
16.3 12
16.31 6
16.32 12
16.34 1
16.35 17
16.36 25
16.37 3
16.38 1
16.39 4
16.4 8
16.41 2
16.44 11
16.45 41
16.46 30
16.48 3
16.49 2
16.5 4
16.51 3
16.52 4
16.53 1
16.55 17
16.56 35
16.58 13
16.59 9
16.6 8
16.61 5
16.62 3
16.64 6
16.65 34
16.66 31
16.67 5
16.68 2
16.7 17
16.71 3
16.74 5
16.75 23
16.76 26
16.8 8
16.82 11
16.83 1
16.85 17
16.86 21
16.89 12
16.9 8
16.91 3
16.92 1
16.94 2
16.95 22
16.96 26
16.97 1
16.99 1
163.33 1
17.0 63
17.01 1
17.02 4
17.04 2
17.05 21
17.06 31
17.07 2
17.08 8
17.09 1
17.1 8
17.11 1
17.12 4
17.14 5
17.15 50
17.16 29
17.17 1
17.18 1
17.19 60
17.2 27
17.21 5
17.22 3
17.24 4
17.25 7
17.26 22
17.27 2
17.28 2
17.3 11
17.31 10
17.32 12
17.34 6
17.35 5
17.36 20
17.38 2
17.39 6
17.4 6
17.41 3
17.42 6
17.44 6
17.45 28
17.46 23
17.48 1
17.49 2
17.5 11
17.51 3
17.52 4
17.54 1
17.55 320
17.56 13
17.57 728
17.58 11
17.59 2
17.6 9
17.61 1
17.64 5
17.65 14
17.66 17
17.67 1
17.68 2
17.7 18
17.71 4
17.72 2
17.74 2
17.75 8
17.76 19
17.78 1
17.79 4
17.8 4
17.81 3
17.82 11
17.84 2
17.85 8
17.86 17
17.87 4
17.88 1
17.89 4
17.9 3
17.91 2
17.93 1
17.94 9
17.95 11
17.96 16
17.98 3
17.99 2
177.54 1
18.0 96
18.01 4
18.02 4
18.05 16
18.06 28
18.08 5
18.09 5
18.1 4
18.11 1
18.15 19
18.16 32
18.17 3
18.18 1
18.2 11
18.21 2
18.24 9
18.25 12
18.26 19
18.27 1
18.28 1
18.3 5
18.32 11
18.34 1
18.35 9
18.36 11
18.38 2
18.39 9
18.4 4
18.41 1
18.42 4
18.44 3
18.45 10
18.46 11
18.48 4
18.5 7
18.51 4
18.52 1
18.54 3
18.55 7
18.56 10
18.58 8
18.6 3
18.61 1
18.62 1
18.64 3
18.65 11
18.66 19
18.67 1
18.68 4
18.69 2
18.7 10
18.72 1
18.75 9
18.76 13
18.77 1
18.78 2
18.8 5
18.81 3
18.82 9
18.84 2
18.85 10
18.86 8
18.88 3
18.89 1
18.9 83
18.92 175
18.94 1
18.95 20
18.96 10
18.99 4
19.0 15
19.01 2
19.02 1
19.04 1
19.05 8
19.06 8
19.07 2
19.08 5
19.1 3
19.11 1
19.12 1
19.13 1
19.14 10
19.15 4
19.16 14
19.19 1
19.2 9
19.21 7
19.22 3
19.23 2
19.24 1
19.25 6
19.26 17
19.27 1
19.28 1
19.29 3
19.3 5
19.31 4
19.32 9
19.33 1
19.35 3
19.36 12
19.37 1
19.39 1
19.4 5
19.41 3
19.43 1
19.44 5
19.45 9
19.46 7
19.48 1
19.5 3
19.51 1
19.52 6
19.55 6
19.56 9
19.58 4
19.59 5
19.61 1
19.64 3
19.65 9
19.66 4
19.67 2
19.7 10
19.71 1
19.72 2
19.73 1
19.74 5
19.75 4
19.76 6
19.8 5
19.81 2
19.82 1
19.84 2
19.85 3
19.86 9
19.89 5
19.9 5
19.91 1
19.92 1
19.94 1
19.95 7
19.96 6
19.97 2
19.98 2
2.0 78947
2.01 106
2.02 104
2.03 582
2.04 9
2.05 23278
2.06 35855
2.07 2168
2.08 10817
2.09 55
2.1 165
2.11 27
2.12 308
2.13 225
2.14 1115
2.15 17231
2.16 32715
2.17 3
2.18 230
2.19 12
2.2 19822
2.21 295
2.22 2068
2.23 167
2.24 13
2.25 15794
2.26 29302
2.27 10
2.28 164
2.29 28
2.3 9254
2.31 9
2.32 8001
2.33 942
2.34 5268
2.35 13488
2.36 26419
2.37 1367
2.38 193
2.39 205
2.4 224
2.41 7
2.42 14
2.43 173
2.44 687
2.45 27069
2.46 23844
2.47 10
2.48 271
2.49 4288
2.5 8655
2.51 20
2.52 1086
2.53 98
2.54 11
2.55 14189
2.56 21177
2.57 130
2.58 6749
2.59 15
2.6 3320
2.61 11
2.62 29
2.63 95
2.64 3905
2.65 9745
2.66 19300
2.67 844
2.68 77
2.69 32
2.7 12483
2.71 15
2.72 11
2.73 76
2.74 479
2.75 11387
2.76 17042
2.77 32
2.78 87
2.79 3771
2.8 3409
2.81 17
2.82 5879
2.83 579
2.84 114
2.85 7727
2.86 15347
2.87 1
2.88 168
2.89 9
2.9 2655
2.91 31
2.92 35
2.93 178
2.94 3478
2.95 14812
2.96 13814
2.97 580
2.98 61
2.99 8
20.0 598
20.01 3
20.02 2
20.04 3
20.05 14
20.06 19
20.08 9
20.09 1
20.1 1
20.11 1
20.12 2
20.14 2
20.15 14
20.16 23
20.18 3
20.2 14
20.21 3
20.22 1
20.24 2
20.25 2
20.26 6
20.27 1
20.3 11
20.31 2
20.32 10
20.34 4
20.35 3
20.36 6
20.4 5
20.41 2
20.42 1
20.45 13
20.46 5
20.47 2
20.48 1
20.49 1
20.5 4
20.51 4
20.52 1
20.53 1
20.55 8
20.56 6
20.57 1
20.58 4
20.6 3
20.61 1
20.64 5
20.65 6
20.66 10
20.7 12
20.71 1
20.72 2
20.74 1
20.75 6
20.76 2
20.78 1
20.79 2
20.8 8
20.81 1
20.82 5
20.86 1
20.9 7
20.91 3
20.92 1
20.94 2
20.95 9
20.96 9
200.0 4
202.0 1
203.0 1
208.0 1
21.0 29
21.01 1
21.02 5
21.05 4
21.06 7
21.08 4
21.09 5
21.1 4
21.11 1
21.12 1
21.13 1
21.14 2
21.15 6
21.16 6
21.18 2
21.2 15
21.21 2
21.22 1
21.24 8
21.25 4
21.26 3
21.3 5
21.31 4
21.32 3
21.35 5
21.37 2
21.39 3
21.4 4
21.42 1
21.44 1
21.45 9
21.46 2
21.47 1
21.5 3
21.52 1
21.54 2
21.55 5
21.56 2
21.57 2
21.58 3
21.64 1
21.65 8
21.66 4
21.68 1
21.69 1
21.7 9
21.71 4
21.72 1
21.75 4
21.77 1
21.8 6
21.81 4
21.82 5
21.84 3
21.85 2
21.86 1
21.9 6
21.91 2
21.92 1
21.94 1
21.95 8
21.96 3
21.98 1
21.99 1
212.0 1
212.5 1
22.0 51
22.02 1
22.05 6
22.06 4
22.08 5
22.1 2
22.11 2
22.14 1
22.15 8
22.16 7
22.17 1
22.2 7
22.21 2
22.22 4
22.25 6
22.26 10
22.27 1
22.29 2
22.3 4
22.31 1
22.32 3
22.36 5
22.39 2
22.4 2
22.42 1
22.44 2
22.45 1
22.46 7
22.48 2
22.5 7
22.52 1
22.55 5
22.56 1
22.57 2
22.58 2
22.59 1
22.6 2
22.61 2
22.65 1
22.66 7
22.67 1
22.7 5
22.71 1
22.74 2
22.75 2
22.76 3
22.78 1
22.8 5
22.81 1
22.82 4
22.85 5
22.88 2
22.89 2
22.9 5
22.95 4
22.97 3
22.98 1
22.99 1
220.0 1
222.22 1
23.0 15
23.01 1
23.03 1
23.04 3
23.05 5
23.06 2
23.07 1
23.08 4
23.15 2
23.16 2
23.19 3
23.2 2
23.21 2
23.24 1
23.25 1
23.26 4
23.27 1
23.3 4
23.31 2
23.32 3
23.34 2
23.35 2
23.36 3
23.39 1
23.4 3
23.41 4
23.42 1
23.45 5
23.46 2
23.5 1
23.52 1
23.55 3
23.56 1
23.58 1
23.6 1
23.61 1
23.64 1
23.65 3
23.66 2
23.7 5
23.71 2
23.73 1
23.75 3
23.76 4
23.79 1
23.8 3
23.81 3
23.82 2
23.85 1
23.9 3
23.91 1
23.95 6
23.96 5
24.0 8
24.01 2
24.02 1
24.05 5
24.06 5
24.09 1
24.1 2
24.11 2
24.15 2
24.16 10
24.2 4
24.21 1
24.24 1
24.26 3
24.27 1
24.31 5
24.32 2
24.35 3
24.36 1
24.39 1
24.4 2
24.45 1
24.46 1
24.49 1
24.5 1
24.51 2
24.52 1
24.54 4
24.55 3
24.56 1
24.58 1
24.61 2
24.65 1
24.66 3
24.68 1
24.69 5
24.7 1
24.76 4
24.77 2
24.8 3
24.81 3
24.84 3
24.85 2
24.88 1
24.89 1
24.9 1
24.91 1
24.92 1
24.95 1
24.96 2
246.0 1
25.0 151
25.02 1
25.05 4
25.06 5
25.08 1
25.1 1
25.14 2
25.15 1
25.16 3
25.2 6
25.22 2
25.25 4
25.26 1
25.3 1
25.31 3
25.36 2
25.41 1
25.44 2
25.46 1
25.5 3
25.51 1
25.52 1
25.53 1
25.56 4
25.58 2
25.59 2
25.6 1
25.61 1
25.65 1
25.66 1
25.7 4
25.71 1
25.74 4
25.75 2
25.76 1
25.77 1
25.78 1
25.8 5
25.82 2
25.85 1
25.89 2
25.91 1
25.95 2
25.97 1
26.0 10
26.01 1
26.02 1
26.06 3
26.07 1
26.08 1
26.11 1
26.12 1
26.15 1
26.16 4
26.2 2
26.23 1
26.25 1
26.26 3
26.3 1
26.31 1
26.32 1
26.34 2
26.36 1
26.45 4
26.49 3
26.55 1
26.56 3
26.6 1
26.64 2
26.65 1
26.66 1
26.7 1
26.73 1
26.75 2
26.76 2
26.79 2
26.8 2
26.81 2
26.85 1
26.86 1
26.92 1
26.94 3
26.95 1
26.96 3
27.0 8
27.01 2
27.05 1
27.06 3
27.09 1
27.15 3
27.16 3
27.2 3
27.24 3
27.26 6
27.27 2
27.31 2
27.33 1
27.35 1
27.39 1
27.41 3
27.45 1
27.46 2
27.48 1
27.5 1
27.54 1
27.55 1
27.64 1
27.66 2
27.7 4
27.71 1
27.75 2
27.76 1
27.77 1
27.8 1
27.81 2
27.84 3
27.85 2
27.86 2
27.89 1
27.9 1
27.92 1
27.95 1
27.96 2
27.99 2
28.0 21
28.02 2
28.05 3
28.06 4
28.14 3
28.16 8
28.2 1
28.22 1
28.25 1
28.26 6
28.3 1
28.32 2
28.42 1
28.45 1
28.46 5
28.5 2
28.52 1
28.58 1
28.59 1
28.65 1
28.66 2
28.69 1
28.7 2
28.71 2
28.74 3
28.76 2
28.8 1
28.81 1
28.85 1
28.86 2
28.91 3
28.95 1
28.96 1
29.0 5
29.01 1
29.02 2
29.04 1
29.06 2
29.08 1
29.1 1
29.16 1
29.2 1
29.21 1
29.26 1
29.28 2
29.29 1
29.31 2
29.34 1
29.36 1
29.46 2
29.5 1
29.55 2
29.56 1
29.57 1
29.6 2
29.66 2
29.67 1
29.7 2
29.72 1
29.75 1
29.79 1
29.81 1
29.82 1
29.89 1
296.7 1
3.0 26542
3.01 38
3.02 101
3.03 60
3.04 305
3.05 10581
3.06 12164
3.07 13
3.08 4761
3.09 3151
3.1 34
3.11 139
3.12 490
3.13 33
3.14 3
3.15 5509
3.16 10913
3.17 7
3.18 34
3.19 17
3.2 9729
3.21 48
3.22 20
3.23 23
3.24 2752
3.25 5092
3.26 9743
3.27 417
3.28 49
3.29 56
3.3 2186
3.31 63
3.32 3453
3.33 541
3.34 221
3.35 6112
3.36 8931
3.37 8
3.38 83
3.39 2423
3.4 91
3.41 64
3.42 343
3.43 30
3.44 32
3.45 9366
3.46 8124
3.47 58
3.48 19
3.49 7
3.5 3993
3.51 72
3.52 20
3.53 22
3.54 2334
3.55 5285
3.56 7321
3.57 275
3.58 3045
3.59 11
3.6 73
3.61 106
3.62 15
3.63 18
3.64 144
3.65 4657
3.66 6565
3.67 8
3.68 21
3.69 1884
3.7 5083
3.71 85
3.72 247
3.73 14
3.74 45
3.75 3296
3.76 6001
3.77 8
3.78 15
3.79 14
3.8 2604
3.81 91
3.82 2174
3.83 279
3.84 1755
3.85 2757
3.86 5671
3.87 196
3.88 65
3.89 6
3.9 48
3.91 93
3.92 52
3.93 9
3.94 151
3.95 6716
3.96 5259
3.97 5
3.98 20
3.99 1624
30.0 100
30.03 1
30.05 6
30.06 6
30.08 3
30.09 2
30.11 2
30.15 1
30.16 9
30.2 4
30.21 3
30.24 6
30.26 4
30.31 3
30.35 2
30.36 1
30.38 1
30.44 1
30.46 1
30.51 1
30.52 2
30.55 3
30.56 4
30.61 1
30.62 1
30.65 1
30.69 1
30.7 2
30.71 1
30.8 3
30.84 1
30.86 1
30.89 1
30.91 2
30.95 1
30.96 1
30.99 1
31.0 3
31.01 1
31.06 2
31.08 1
31.14 1
31.2 1
31.26 2
31.27 1
31.31 3
31.32 2
31.36 1
31.39 1
31.4 1
31.41 2
31.44 2
31.45 2
31.46 1
31.5 2
31.55 1
31.56 1
31.6 1
31.61 1
31.64 1
31.66 1
31.71 2
31.74 1
31.82 1
31.85 2
31.86 1
31.89 1
31.91 1
31.96 1
31.98 1
32.0 7
32.05 3
32.06 1
32.1 1
32.16 5
32.26 4
32.36 2
32.45 2
32.46 1
32.49 1
32.55 1
32.56 2
32.66 2
32.69 1
32.7 1
32.8 1
32.81 2
32.82 1
32.86 1
32.91 1
32.96 1
33.0 11
33.05 2
33.06 1
33.08 2
33.1 1
33.14 1
33.16 3
33.2 2
33.24 1
33.26 2
33.31 1
33.32 1
33.33 1
33.4 2
33.5 1
33.63 1
33.7 1
33.86 2
33.95 1
33.97 1
33.98 1
333.33 1
34.0 2
34.05 2
34.06 1
34.1 1
34.11 2
34.14 1
34.2 2
34.21 1
34.39 1
34.44 1
34.45 1
34.46 1
34.58 1
34.67 1
34.7 2
34.74 1
34.76 1
34.8 1
34.81 1
34.82 1
34.83 1
34.9 1
35.0 20
35.05 2
35.13 1
35.16 2
35.28 1
35.45 1
35.46 1
35.5 2
35.55 1
35.56 1
35.64 1
35.65 1
35.66 3
35.7 1
35.76 1
35.8 2
35.89 1
35.9 1
35.92 1
35.96 1
36.0 3
36.02 2
36.05 2
36.08 1
36.09 2
36.1 2
36.11 1
36.14 1
36.15 2
36.16 2
36.2 1
36.25 1
36.26 2
36.29 1
36.33 1
36.46 1
36.48 1
36.51 1
36.54 1
36.64 1
36.86 1
36.9 1
36.91 1
36.95 1
36.96 1
37.0 5
37.08 1
37.14 4
37.15 1
37.16 1
37.29 1
37.4 1
37.55 2
37.59 1
37.64 1
37.7 1
37.8 2
37.82 1
37.85 2
37.91 1
38.0 6
38.01 1
38.06 2
38.1 1
38.16 2
38.2 2
38.25 1
38.27 1
38.55 1
38.65 1
38.72 1
38.8 1
38.82 1
38.86 1
38.89 1
39.0 3
39.2 1
39.24 1
39.3 1
39.39 1
39.5 1
39.51 1
39.56 1
39.6 1
39.66 1
39.75 1
39.86 3
4.0 11740
4.01 127
4.02 153
4.03 12
4.04 5
4.05 3434
4.06 4754
4.07 4
4.08 1952
4.09 5
4.1 923
4.11 70
4.12 12
4.13 25
4.14 1310
4.15 2223
4.16 4365
4.17 116
4.18 17
4.19 21
4.2 3112
4.21 111
4.22 13
4.23 7
4.24 68
4.25 2741
4.26 3965
4.27 9
4.28 47
4.29 1234
4.3 822
4.31 81
4.32 1482
4.33 169
4.35 1838
4.36 3756
4.37 17
4.38 8
4.39 26
4.4 820
4.41 84
4.42 2
4.43 36
4.44 1223
4.45 3801
4.46 3421
4.47 84
4.48 14
4.49 1
4.5 833
4.51 134
4.52 19
4.53 5
4.54 42
4.55 2839
4.56 3199
4.57 7
4.58 1343
4.59 989
4.6 51
4.61 68
4.62 65
4.63 17
4.64 39
4.65 1516
4.66 2987
4.67 2
4.68 6
4.69 2
4.7 2940
4.71 83
4.72 5
4.73 84
4.74 855
4.75 1388
4.76 2649
4.77 60
4.78 7
4.79 3
4.8 741
4.81 147
4.82 1063
4.83 111
4.84 34
4.85 1724
4.86 2481
4.87 9
4.88 111
4.89 759
4.9 51
4.91 100
4.92 57
4.93 5
4.94 50
4.95 2845
4.96 2313
4.97 2
4.98 6
4.99 22
40.0 42
40.05 2
40.06 1
40.08 1
40.2 1
40.31 1
40.32 2
40.36 1
40.4 1
40.56 1
40.6 1
40.74 2
40.86 1
40.94 1
40.96 1
400.0 1
41.0 1
41.06 1
41.19 1
41.21 1
41.3 1
41.5 2
41.76 2
41.86 1
42.0 5
42.11 1
42.2 1
42.26 1
42.31 1
42.35 1
42.51 1
42.55 1
42.62 1
42.65 1
421.0 1
43.0 1
43.11 1
43.16 1
43.4 1
43.41 1
43.76 1
43.81 2
43.9 1
43.95 2
44.0 4
44.2 1
44.26 1
44.4 1
44.41 1
44.44 1
44.5 1
44.56 1
44.79 1
44.8 1
45.0 11
45.05 1
45.08 3
45.09 1
45.16 2
45.24 1
45.25 1
45.28 1
45.5 1
45.68 1
45.75 1
45.87 1
45.95 1
46.0 1
46.01 1
46.02 1
46.45 1
46.7 1
46.76 2
46.77 1
47.0 5
47.06 1
47.16 1
47.2 1
47.21 1
47.27 1
47.45 1
47.64 1
48.0 1
48.05 1
48.06 1
48.11 1
48.21 1
48.32 1
48.41 1
48.48 1
48.6 1
48.8 1
48.82 1
49.06 1
49.11 1
49.31 1
49.82 1
5.0 21364
5.01 97
5.02 19
5.03 78
5.04 722
5.05 1501
5.06 2018
5.07 48
5.08 1175
5.09 15
5.1 59
5.11 167
5.12 6
5.13 5
5.14 40
5.15 1256
5.16 1789
5.17 1
5.18 94
5.19 682
5.2 1718
5.21 102
5.22 43
5.23 7
5.24 3
5.25 851
5.26 1736
5.27 11
5.28 142
5.29 18
5.3 821
5.31 98
5.32 784
5.33 165
5.34 624
5.35 786
5.36 1516
5.37 25
5.38 3
5.39 8
5.4 84
5.41 203
5.42 1
5.43 3
5.44 112
5.45 2181
5.46 1409
5.47 5
5.48 85
5.49 572
5.5 683
5.51 118
5.52 51
5.53 9
5.54 8
5.55 1254
5.56 1363
5.57 4
5.58 727
5.59 10
5.6 407
5.61 147
5.62 5
5.63 89
5.64 520
5.65 603
5.66 1136
5.67 17
5.68 7
5.69 10
5.7 1254
5.71 273
5.72 11
5.73 24
5.74 24
5.75 842
5.76 1116
5.77 19
5.78 71
5.79 453
5.8 633
5.81 275
5.82 633
5.83 48
5.85 559
5.86 1633
5.87 6
5.88 45
5.89 23
5.9 430
5.91 334
5.92 3
5.93 67
5.94 494
5.95 1382
5.96 983
5.97 19
5.98 3
5.99 12
50.0 38
50.05 2
50.06 1
50.08 1
50.2 2
50.31 1
50.35 1
50.41 1
50.5 1
50.66 1
50.68 1
50.79 1
51.0 1
51.25 1
51.31 1
51.45 1
51.75 1
51.81 1
52.0 2
52.55 1
52.7 1
52.98 1
53.06 1
53.3 1
54.0 3
54.03 1
54.09 1
54.11 1
54.16 1
54.35 1
54.56 1
54.76 1
55.0 4
55.05 1
55.06 1
55.25 1
55.46 1
55.55 2
55.71 2
55.76 1
55.82 1
55.85 2
56.0 2
56.05 1
56.16 1
56.2 1
56.21 1
56.74 1
57.0 2
57.5 1
58.0 2
58.16 1
58.41 1
58.46 1
58.55 1
58.58 1
58.84 1
59.0 3
59.06 1
59.33 1
59.39 1
6.0 5152
6.01 505
6.02 33
6.03 1
6.04 23
6.05 905
6.06 937
6.07 4
6.08 637
6.09 393
6.1 249
6.11 566
6.12 21
6.13 11
6.14 22
6.15 443
6.16 857
6.17 7
6.19 13
6.2 1374
6.21 650
6.22 10
6.23 47
6.24 338
6.25 462
6.26 800
6.27 16
6.28 4
6.29 3
6.3 594
6.31 848
6.32 376
6.33 36
6.34 21
6.35 556
6.36 765
6.37 6
6.38 34
6.39 369
6.4 409
6.41 842
6.42 13
6.43 1
6.44 128
6.45 958
6.46 799
6.47 4
6.48 4
6.49 19
6.5 937
6.51 925
6.52 17
6.53 30
6.54 338
6.55 555
6.56 713
6.57 12
6.58 384
6.59 8
6.6 523
6.61 942
6.62 8
6.63 6
6.64 39
6.65 483
6.66 703
6.67 12
6.68 36
6.69 266
6.7 1028
6.71 971
6.72 15
6.73 3
6.74 7
6.75 332
6.76 738
6.77 14
6.78 1
6.79 9
6.8 873
6.81 971
6.82 273
6.83 43
6.84 259
6.85 326
6.86 634
6.87 15
6.88 13
6.89 46
6.9 498
6.91 1057
6.92 10
6.93 4
6.94 110
6.95 879
6.96 577
6.97 3
6.98 17
6.99 291
60.0 15
60.16 1
60.24 1
62.0 3
63.0 1
63.06 1
63.2 1
63.56 1
65.0 3
66.14 1
66.7 2
67.59 1
68.54 1
69.77 1
7.0 3945
7.01 1067
7.02 43
7.03 47
7.05 370
7.06 555
7.07 20
7.08 279
7.09 11
7.1 672
7.11 1044
7.12 5
7.13 12
7.14 265
7.15 266
7.16 510
7.17 12
7.19 12
7.2 1017
7.21 1092
7.22 5
7.24 11
7.25 363
7.26 506
7.27 3
7.28 16
7.29 213
7.3 619
7.31 1131
7.32 221
7.33 26
7.34 5
7.35 265
7.36 459
7.37 11
7.39 89
7.4 630
7.41 1125
7.42 2
7.43 15
7.44 266
7.45 543
7.46 388
7.47 9
7.48 3
7.49 15
7.5 929
7.51 1114
7.52 100
7.54 8
7.55 406
7.56 397
7.57 12
7.58 248
7.59 172
7.6 544
7.61 980
7.62 7
7.63 1
7.64 116
7.65 175
7.66 414
7.67 12
7.68 1
7.69 6
7.7 913
7.71 924
7.72 2
7.73 12
7.74 161
7.75 271
7.76 513
7.77 32
7.78 2
7.79 14
7.8 568
7.81 956
7.82 187
7.83 23
7.84 14
7.85 312
7.86 370
7.87 4
7.88 13
7.89 288
7.9 430
7.91 839
7.92 274
7.93 6
7.94 35
7.95 424
7.96 327
7.97 25
7.98 6
7.99 12
70.0 8
70.16 1
70.4 1
70.72 1
71.0 1
71.2 1
71.41 1
71.96 1
72.0 4
72.15 1
73.62 1
74.64 1
74.7 1
75.0 3
75.7 1
78.5 1
787.25 1
8.0 4280
8.01 791
8.02 187
8.03 3
8.04 130
8.05 257
8.06 336
8.07 18
8.08 223
8.09 8
8.1 441
8.11 837
8.12 22
8.14 187
8.15 309
8.16 315
8.17 4
8.18 7
8.19 111
8.2 556
8.21 715
8.22 5
8.24 3
8.25 246
8.26 505
8.27 22
8.29 11
8.3 458
8.31 674
8.32 147
8.33 7
8.34 108
8.35 262
8.36 266
8.37 7
8.38 3
8.39 258
8.4 357
8.41 659
8.42 10
8.43 1
8.44 56
8.45 348
8.46 272
8.47 5
8.48 9
8.49 92
8.5 523
8.51 614
8.52 219
8.53 1
8.55 202
8.56 295
8.57 32
8.58 145
8.59 23
8.6 414
8.61 552
8.63 1
8.64 337
8.65 196
8.66 283
8.67 5
8.68 4
8.69 6
8.7 431
8.71 502
8.72 23
8.74 7
8.75 350
8.76 510
8.77 15
8.78 1004
8.79 88
8.8 342
8.81 420
8.82 136
8.83 7
8.84 4
8.85 251
8.86 301
8.87 28
8.88 50
8.89 267
8.9 259
8.91 398
8.92 3
8.93 5
8.94 86
8.95 254
8.96 295
8.97 10
8.98 12
8.99 5
80.0 8
80.08 2
80.88 1
82.0 2
82.16 1
83.0 1
83.13 1
85.0 1
88.0 2
88.48 1
88.9 1
9.0 1189
9.01 372
9.02 280
9.03 1
9.04 1
9.05 216
9.06 264
9.07 10
9.08 108
9.09 91
9.1 262
9.11 348
9.12 4
9.14 263
9.15 174
9.16 279
9.17 43
9.18 1
9.19 4
9.2 318
9.21 320
9.23 4
9.24 80
9.25 220
9.26 514
9.27 9
9.28 1
9.29 7
9.3 195
9.31 281
9.32 156
9.33 2
9.34 2
9.35 244
9.36 215
9.37 7
9.38 2
9.39 336
9.4 160
9.41 269
9.42 1
9.43 2
9.44 25
9.45 198
9.46 346
9.47 43
9.48 3
9.49 1
9.5 320
9.51 269
9.52 264
9.54 69
9.55 105
9.56 166
9.57 8
9.58 94
9.59 8
9.6 251
9.61 230
9.62 71
9.64 254
9.65 121
9.66 135
9.68 3
9.69 78
9.7 206
9.71 204
9.72 1
9.73 2
9.74 4
9.75 189
9.76 360
9.77 56
9.78 1
9.79 1
9.8 198
9.81 187
9.82 100
9.84 69
9.85 156
9.86 129
9.87 3
9.88 3
9.89 243
9.9 133
9.91 219
9.92 72
9.94 16
9.95 174
9.96 138
9.97 1
9.98 6
9.99 67
90.0 3
90.09 1
90.8 1
91.48 1
92.0 1
94.59 1
97.2 1
98.0 1
98.88 1
99.99 1
tip_amount 1
